2012682at2	0	8.7	87
1827295at2	0	6.7	67
932854at2	0	130.437233549	423
1080436at2	0	6.75068600494	261
1842956at2	0	9.45311382201	67
533698at2	0	8.43372082811	288
1937493at2	0	36.444032769	174
1713391at2	0	9.6	96
232152at2	0	9.62722550796	294
1567535at2	0	8.44557577938	312
923547at2	0	6.74528254654	308
1093223at2	0	15.3167427152	347
761140at2	0	29.7	297
1505038at2	0	14.8	148
984717at2	0	21.8	218
1671455at2	0	2.38283355971	165
1844275at2	0	18.1	181
1054741at2	0	8.89681155585	327
1990650at2	0	2.33129828795	81
1720952at2	0	14.2	142
1786618at2	0	2.09624008926	102
182107at2	0	6.77120831119	491
353391at2	0	20.4449875696	326
1937072at2	0	6.9	69
143460at2	0	14.4080640789	447
1846503at2	0	10.7	107
226836at2	0	6.33778923616	471
981870at2	0	8.66734673172	267
1211060at2	0	8.76768359569	167
1592033at2	0	37.0	370
1151822at2	0	7.34146611281	263
1940575at2	0	4.8	48
1701531at2	0	7.59218659309	152
1043239at2	0	6.07717463764	152
1266295at2	0	6.06018077565	246
1904463at2	0	1.07849254756	67
9601at2	0	33.2901486404	814
665824at2	0	85.7472651052	475
1504821at2	0	14.8747766256	220
91428at2	0	43.7773276563	544
219876at2	0	19.5163101566	262
2075502at2	0	12.2535360362	58
267682at2	0	15.8196644264	281
841869at2	0	13.7963235483	187
2005443at2	0	7.3	73
1707228at2	0	10.4	104
1990141at2	0	1.1498760147	66
932993at2	0	42.7561458017	228
1963491at2	0	10.2	102
1932144at2	0	1.92195278404	92
1822215at2	0	1.10563188895	112
1978865at2	0	9.1	91
1758685at2	0	21.6467733959	65
384865at2	0	9.91608015264	186
2063644at2	0	3.65424635581	36
2040741at2	0	5.3	53
837522at2	0	3.30767879349	408
1661836at2	0	5.03760338686	148
1949059at2	0	1.75531390286	100
1822695at2	0	8.9	89
1419877at2	0	6.42933978809	258
1346419at2	0	28.8	288
1893906at2	0	1.1761513501	71
1491686at2	0	2.36898554327	129
1502854at2	0	4.4348653784	185
504464at2	0	5.86227291423	233
95696at2	0	10.8328270271	478
4421at2	0	113.4	1134
223233at2	0	29.9906708384	445
1702697at2	0	1.0587724017	105
2046660at2	0	3.1	31
1009041at2	0	8.57825991545	212
1776954at2	0	2.45024592499	69
1166299at2	0	12.7	127
1595498at2	0	4.84901917975	40
1874945at2	0	7.78644667524	81
776861at2	0	60.0803553858	214
961486at2	0	10.9477509536	176
1674344at2	0	13.4	134
505485at2	0	7.38062125057	236
1590629at2	0	14.0458938397	81
1959318at2	0	12.399507515	94
2035880at2	0	1.1451725647	56
1971380at2	0	5.84113878473	118
1760144at2	0	5.87625288872	87
1574817at2	0	12.661334472	143
1827334at2	0	8.9675161385	88
1890943at2	0	14.446939676	91
1490892at2	0	21.227193195	89
1766414at2	0	1.09576007608	98
1270636at2	0	15.8	158
1470978at2	0	4.25949491244	106
1036075at2	0	37.0060365739	312
1456375at2	0	14.1	141
1398618at2	0	7.83725202399	144
402899at2	0	10.7668127041	288
2066663at2	0	2.99020083033	54
1572673at2	0	12.4144398623	99
1666043at2	0	1.70894637127	85
1395197at2	0	19.7448404946	154
1497415at2	0	20.1995954604	58
462069at2	0	17.5560241984	215
1074831at2	0	42.0	420
1698718at2	0	8.8	88
1623045at2	0	18.7	187
1906715at2	0	7.5	75
26038at2	0	34.2680187622	393
469058at2	0	3.66015376146	292
1692188at2	0	13.0	130
1272633at2	0	11.0096654563	168
1676462at2	0	7.67003666429	113
1772647at2	0	4.63322872452	104
874197at2	0	3.71088830149	272
1257362at2	0	6.3027462546	235
1069591at2	0	18.3	183
1132353at2	0	3.85266306826	162
430176at2	0	3.43397649341	361
1024388at2	0	8.05009953902	307
1540940at2	0	1.11383106346	133
662686at2	0	10.2185318067	230
1799923at2	0	0.546418971415	103
1838961at2	0	5.17486096919	90
1830156at2	0	7.4	74
1049662at2	0	43.1	431
60366at2157	0	17.6	176.0
41305at2157	0	39.2	392.0
117241at2157	0	14.5	145.0
84684at2157	0	18.5	185.0
25871at2157	0	34.6	346.0
116879at2157	0	13.8	138.0
97230at2157	0	12.7	127.0
44076at2157	0	20.8	208.0
127293at2157	0	3.8	38.0
52427at2157	0	13.8	138.0
92795at2157	0	21.209015129780635	179
62508at2157	0	19.0	190.0
13010at2157	0	50.1	501.0
98657at2157	0	17.7	177.0
96138at2157	0	18.5	185.0
114285at2157	0	12.4	124.0
55024at2157	0	47.1	471.0
64860at2157	0	20.8	208.0
111803at2157	0	21.1	211.0
117225at2157	0	13.5	135.0
90096at2157	0	30.2	302.0
22545at2157	0	30.0	300.0
106603at2157	0	7.8	78.0
119723at2157	0	4.8	48.0
85293at2157	0	12.3	123.0
37299at2157	0	40.7	407.0
8922at2157	0	36.6	366.0
104254at2157	0	10.4	104.0
124429at2157	0	4.7	47.0
129447at2157	0	5.0	50.0
22842at2157	0	29.5	295.0
107993at2157	0	9.4	94.0
124973at2157	0	15.692096628978256	135
14889at2157	0	51.7	517.0
115808at2157	0	28.2	282.0
75288at2157	0	13.9	139.0
131584at2157	0	4.656987841074884	34
70525at2157	0	18.3	183.0
98187at2157	0	13.2	132.0
82853at2157	0	21.4	214.0
101957at2157	0	13.4	134.0
121171at2157	0	11.827786762472995	96
79845at2157	0	13.8	138.0
125162at2157	0	4.2	42.0
110798at2157	0	8.402604995150394	66
108145at2157	0	10.3	103.0
32079at2157	0	23.4	234.0
24257at2157	0	32.57467713832944	323
57545at2157	0	27.9	279.0
6736at2157	0	47.7	477.0
105165at2157	0	10.354222810941634	76
119044at2157	0	17.1	171.0
80629at2157	0	14.2	142.0
121548at2157	0	6.1	61.0
92409at2157	0	13.3	133.0
24288at2157	0	34.5	345.0
123463at2157	0	5.2327636710903676	50
123503at2157	0	10.982777512528175	85
115384at2157	0	5.7	57.0
76134at2157	0	25.8	258.0
59062at2157	0	25.2	252.0
113971at2157	0	7.5	75.0
63341at2157	0	16.7	167.0
87520at2157	0	26.2	262.0
105851at2157	0	32.2	322.0
115947at2157	0	8.6	86.0
50844at2157	0	20.5	205.0
104702at2157	0	18.534659571185585	111
18705at2157	0	36.3	363.0
88531at2157	0	10.8	108.0
29893at2157	0	27.9	279.0
89321at2157	0	16.2	162.0
124805at2157	0	9.1	91.0
25592at2157	0	35.2	352.0
91297at2157	0	31.314905455218828	176
121943at2157	0	4.067844733953197	35
17629at2157	0	34.2	342.0
109335at2157	0	13.6	136.0
80498at2157	0	16.3	163.0
21317at2157	0	31.5	315.0
35648at2157	0	27.6	276.0
99734at2157	0	18.4	184.0
47919at2157	0	34.4	344.0
115425at2157	0	11.7	117.0
74812at2157	0	19.7	197.0
36028at2157	0	24.5	245.0
116732at2157	0	9.148472525998754	89
60954at2157	0	18.8	188.0
98221at2157	0	9.8	98.0
95578at2157	0	21.989222174276406	218
103467at2157	0	10.6	106.0
19750at2157	0	59.6	596.0
66811at2157	0	30.6	306.0
99236at2157	0	11.2	112.0
128227at2157	0	4.7	47.0
104636at2157	0	18.356482806722777	181
122290at2157	0	9.30936849179749	46
59861at2157	0	19.8	198.0
3905at2157	0	70.2	702.0
123859at2157	0	5.1	51.0
61613at2157	0	35.1	351.0
85279at2157	0	17.59972006309375	100
116294at2157	0	9.8	98.0
107015at2157	0	9.9	99.0
126193at2157	0	4.5	45.0
31722at2157	0	23.9	239.0
58340at2157	0	15.2	152.0
59314at2157	0	18.7	187.0
10236at2157	0	40.8	408.0
107212at2157	0	8.5	85.0
61936at2157	0	31.3	313.0
860at2157	0	53.5	535.0
130316at2157	0	11.695174826871927	69
80501at2157	0	17.2	172.0
41214at2157	0	28.1	281.0
112720at2157	0	8.6	86.0
82104at2157	0	13.0	130.0
123853at2157	0	3.7	37.0
76877at2157	0	20.1	201.0
48934at2157	0	12.9	129.0
105604at2157	0	16.7	167.0
14454at2157	0	33.1	331.0
60670at2157	0	18.2	182.0
105421at2157	0	19.505798515174902	86
91936at2157	0	11.6	116.0
84219at2157	0	11.5	115.0
7046at2157	0	42.2	422.0
73593at2157	0	24.4	244.0
128960at2157	0	10.166161586727076	66
108717at2157	0	16.5	165.0
91632at2157	0	11.8	118.0
79065at2157	0	13.1	131.0
7896at2157	0	43.9	439.0
94875at2157	0	33.3	333.0
56027at2157	0	28.5	285.0
106462at2157	0	12.1	121.0
98179at2157	0	12.1	121.0
22747at2157	0	40.0	400.0
1642at2157	0	62.2	622.0
66209at2157	0	25.2	252.0
23182at2157	0	27.8	278.0
13565at2157	0	44.2	442.0
54988at2157	0	22.0	220.0
51351at2157	0	24.9	249.0
125788at2157	0	16.601454136449775	93
70865at2157	0	22.6	226.0
94889at2157	0	14.9	149.0
129924at2157	0	2.6	26.0
23221at2157	0	32.4	324.0
130364at2157	0	4.2284353073265555	33
112466at2157	0	9.5	95.0
58022at2157	0	35.9	359.0
17053at2157	0	47.5	475.0
85023at2157	0	16.6	166.0
90817at2157	0	17.7	177.0
90641at2157	0	20.4	204.0
69351at2157	0	55.6	556.0
104786at2157	0	11.2	112.0
13531at2157	0	33.9	339.0
124073at2157	0	11.002723345792045	60
70269at2157	0	18.9	189.0
46017at2157	0	35.3	353.0
32191at2157	0	34.8	348.0
91154at2157	0	11.6	116.0
32623at2157	0	36.5	365.0
39322at2157	0	39.9	399.0
102399at2157	0	11.8	118.0
105095at2157	0	10.0	100.0
65833at2157	0	22.3	223.0
35861at2157	0	54.6	546.0
93256at2157	0	12.8	128.0
87367at2157	0	10.3	103.0
83050at2157	0	14.1	141.0
99842at2157	0	12.3	123.0
30130at2157	0	25.0	250.0
129321at2157	0	8.590937512754035	65
102178at2157	0	14.68516161106274	103
58019at2157	0	28.5	285.0
90882at2157	0	17.6	176.0
14061at2157	0	45.7	457.0
31316at2157	0	26.0	260.0
8899at2157	0	41.2	412.0
114541at2157	0	10.633454828794354	90
6590at2157	0	39.2	392.0
43727at2157	0	26.0	260.0
93236at2157	0	15.8	158.0
102360at2157	0	22.3	223.0
89943at2157	0	18.6	186.0
124913at2157	0	8.2	82.0
78046at2157	0	16.5	165.0
37207at2157	0	184.3175766058845	397
82755at2157	0	32.7	327.0
7724at2157	0	35.7	357.0
72726at2157	0	19.4	194.0
261328at2759	0	63.1766411874	417
1259741at2759	0	33.9325227667	222
1291729at2759	0	16.0741652312	106
1309031at2759	0	32.2861812205	342
674160at2759	0	195.451853294	988
293315at2759	0	32.9739567866	609
551907at2759	0	43.0239034257	341
1530008at2759	0	1.76272843582	86
692986at2759	0	72.1152311538	380
1442062at2759	0	35.7938945159	198
869548at2759	0	22.4847037953	188
1339553at2759	0	48.5006166411	264
1096688at2759	0	15.5907782181	209
1370285at2759	0	85.306018513	388
396755at2759	0	101.722708269	634
543764at2759	0	31.9964708052	235
1247641at2759	0	37.266042673	180
768809at2759	0	33.3132464353	233
1428854at2759	0	125.464834267	454
1432328at2759	0	18.4015711283	180
160593at2759	0	184.551247166	1254
87842at2759	0	107.571859842	594
974865at2759	0	8.02935789682	226
834694at2759	0	61.269106604	317
1025450at2759	0	37.7609815895	291
392369at2759	0	29.8575812028	358
858842at2759	0	63.0040596568	283
1161199at2759	0	26.392770946	165
1079130at2759	0	29.7152826772	242
345441at2759	0	51.6894773662	369
911863at2759	0	31.0453518553	196
426305at2759	0	89.1465789134	485
1558822at2759	0	3.54253088932	66
1441854at2759	0	46.5264319087	220
1085752at2759	0	45.2256490837	265
1545004at2759	0	5.9076221951	69
1440961at2759	0	17.3916425552	172
1138059at2759	0	17.7827146894	211
734666at2759	0	31.8894830694	366
1398309at2759	0	11.7607970033	100
320059at2759	0	64.5529283818	430
299766at2759	0	63.8461232468	448
1358374at2759	0	25.9175688502	214
1459797at2759	0	9.30025799285	94
1323575at2759	0	5.92808822694	112
734341at2759	0	23.9084999171	162
1575179at2759	0	7.30916204602	52
976469at2759	0	12.7615468594	238
491869at2759	0	32.6011712004	244
917326at2759	0	61.8740738085	423
1094121at2759	0	12.9719556974	127
1322642at2759	0	10.3395704175	153
777920at2759	0	42.7446072537	339
1275837at2759	0	10.4857292354	243
1342242at2759	0	28.2855283672	178
1041560at2759	0	51.8045963059	306
1346165at2759	0	33.974722312	257
1620056at2759	0	11.5631941611	83
97116at2759	0	182.111889707	897
1405073at2759	0	7.55728704051	157
673132at2759	0	38.8100295456	266
671846at2759	0	62.5936989948	381
1576404at2759	0	18.7523249949	163
296129at2759	0	128.042908989	694
1128607at2759	0	27.194543444	249
324863at2759	0	101.898666833	534
1312453at2759	0	137.379768406	638
855834at2759	0	53.6810026231	306
166920at2759	0	140.352005408	732
1348942at2759	0	25.1682701421	186
1404162at2759	0	29.3323235752	191
245208at2759	0	118.356877213	854
1220881at2759	0	20.5771979734	148
866359at2759	0	32.4915754049	258
1197019at2759	0	14.7495554315	151
973442at2759	0	28.8431087238	183
176625at2759	0	83.8461928651	450
1018517at2759	0	24.9124383043	202
774318at2759	0	50.2579546407	274
1405146at2759	0	22.1734864349	133
1426075at2759	0	11.2331329024	96
418107at2759	0	52.066724598	361
142542at2759	0	80.027827717	648
865202at2759	0	14.4462728639	192
801857at2759	0	22.8427162992	213
937275at2759	0	13.5634531704	91
570797at2759	0	89.7122487604	440
931188at2759	0	64.7124566528	324
1014314at2759	0	23.0771252204	208
1567796at2759	0	12.4391054053	129
1407446at2759	0	14.5586842971	94
720340at2759	0	47.5527733428	224
1474000at2759	0	24.2849668599	136
719531at2759	0	47.1969608849	277
1380409at2759	0	15.1629301988	141
1379600at2759	0	77.7509412558	483
1182451at2759	0	19.0747087385	156
1525971at2759	0	3.15332402093	79
956854at2759	0	24.0482986795	173
1377237at2759	0	14.5883746878	137
1626636at2759	0	9.31521172507	127
939345at2759	0	13.1768763343	118
604979at2759	0	31.7569561289	279
1106766at2759	0	34.3897368806	198
1645187at2759	0	4.68573670287	45
1030907at2759	0	32.1521639445	271
598949at2759	0	40.9514949877	402
1260807at2759	0	28.7995144187	215
1504863at2759	0	20.774189387	132
655400at2759	0	41.3095898253	271
1588798at2759	0	29.5088663536	118
1445102at2759	0	7.15891842886	190
1065019at2759	0	25.5120868651	252
1053181at2759	0	26.9742387679	157
1287401at2759	0	18.8610333712	156
946128at2759	0	74.4192435431	439
721605at2759	0	27.5346909186	243
1488235at2759	0	15.6584849254	135
330169at2759	0	47.7019744391	312
1157302at2759	0	21.484902211	198
1370304at2759	0	107.578339696	420
924753at2759	0	27.8925946088	218
679187at2759	0	43.3305383939	418
1249159at2759	0	18.8082999856	150
1266231at2759	0	22.6974428746	181
1236198at2759	0	6.52795810335	123
1076134at2759	0	14.5251810929	183
1513531at2759	0	28.458133027	207
1032689at2759	0	13.5262051873	154
1108845at2759	0	20.68239096	322
898782at2759	0	48.7126989565	268
674169at2759	0	46.6229911275	244
1526152at2759	0	3.32442473586	84
679771at2759	0	28.2626897385	169
759498at2759	0	52.1794112974	413
736068at2759	0	40.3257251531	308
1257440at2759	0	14.227433486	129
1454155at2759	0	22.3608410293	107
341721at2759	0	52.3231241113	387
331411at2759	0	63.1554159543	383
1178688at2759	0	17.9936763353	138
270107at2759	0	94.9475232317	635
1269649at2759	0	5.52341369913	165
1490022at2759	0	12.8638016329	167
1233814at2759	0	18.3646974329	151
1623701at2759	0	10.4028750853	91
918816at2759	0	34.9466285581	214
261419at2759	0	99.5838256098	415
1173229at2759	0	23.9664981761	194
290630at2759	0	77.5844974483	594
1284731at2759	0	10.8444393494	128
39650at2759	0	292.749542825	1381
975557at2759	0	91.7672690943	492
761109at2759	0	74.5186082892	371
1338131at2759	0	9.70953939585	138
450058at2759	0	45.4864361433	262
1395649at2759	0	14.2527895703	119
944899at2759	0	29.5657906393	230
996662at2759	0	29.7967325145	207
1129824at2759	0	13.8880655739	131
891751at2759	0	41.7132960529	221
457861at2759	0	18.5452008758	145
388820at2759	0	110.256474622	581
1430056at2759	0	14.180032309	118
1228942at2759	0	6.06237118758	162
464990at2759	0	64.0872267638	358
1107630at2759	0	24.9191455969	205
621827at2759	0	54.1323999579	330
814241at2759	0	45.0571863594	308
83779at2759	0	41.4979742085	229
369837at2759	0	52.0134578062	377
919955at2759	0	28.4912866706	258
582756at2759	0	50.8302517479	343
625387at2759	0	77.2587184064	333
708105at2759	0	30.0972922026	203
722805at2759	0	49.0374849901	402
923657at2759	0	18.5791383623	169
1057950at2759	0	29.6820878459	219
1364586at2759	0	16.5452904059	146
1051021at2759	0	36.8123399931	318
1304061at2759	0	13.52050157	132
100698at2759	0	78.5361353291	481
1194691at2759	0	9.05307830348	276
1287094at2759	0	14.4689656078	126
1001705at2759	0	39.5834406141	254
981902at2759	0	26.5390149125	210
878143at2759	0	40.7286250139	313
1049599at2759	0	61.7399127386	341
1200489at2759	0	14.7752076096	115
1593937at2759	0	34.7595118077	148
257318at2759	0	48.3268135128	297
1421503at2759	0	3.98997037553	109
1269244at2759	0	17.2997193174	130
1322299at2759	0	41.9948677829	334
1111142at2759	0	35.9717849079	283
1087488at2759	0	31.4261200758	286
325552at2759	0	78.3003211903	467
901894at2759	0	54.1984611726	325
687505at2759	0	27.7140895347	231
1115196at2759	0	43.135697581	266
1314980at2759	0	87.8373004598	489
306227at2759	0	83.2611534053	479
844748at2759	0	43.7803878495	349
836599at2759	0	38.4511403742	314
375960at2759	0	52.6281930915	336
549762at2759	0	88.2421809375	404
1010730at2759	0	23.9356165603	260
1194797at2759	0	55.367892498	427
1217666at2759	0	23.5244850868	173
1090038at2759	0	18.2455734302	132
179362at2759	0	346.803031577	1215
937686at2759	0	19.8903001717	336
1633672at2759	0	0.940923346183	83
1112002at2759	0	109.726923417	506
1617752at2759	0	6.60380620629	92
355408at2759	0	95.2723468947	523
1450538at2759	0	15.919962985	149
1423847at2759	0	42.6662687135	255
513979at2759	0	36.2649387157	225
156083at2759	0	365.10984402	1846
1346432at2759	0	32.5320354932	164
1479417at2759	0	35.7546021031	180
905026at2759	0	84.9755244265	397
779909at2759	0	25.1669362519	228
751335at2759	0	47.1858775412	268
1248958at2759	0	85.3105895383	595
1538526at2759	0	7.33776836651	102
975158at2759	0	35.1858979139	269
390348at2759	0	138.942648175	703
1003258at2759	0	21.6239939739	286
383503at2759	0	49.7377307331	372
1264469at2759	0	22.2462675395	144
1563319at2759	0	9.71606220657	135
453044at2759	0	48.8699434256	306
1038775at2759	0	20.6856573364	197
271586at2759	0	107.343202328	403
1019762at2759	0	50.764223802	373
1382842at2759	0	7.88081287295	123
1324510at2759	0	30.4461286852	273
1251252at2759	0	5.85204990986	80
671536at2759	0	44.2013966017	357
1193442at2759	0	19.6556675934	257
1222562at2759	0	7.71261189769	119
1079827at2759	0	15.5762842444	221
1455730at2759	0	27.5408866775	358
1223488at2759	0	17.9870062981	105
1488436at2759	0	3.07181132961	62
1258856at2759	0	92.428567915	568
817008at2759	0	34.2600505785	292
664730at2759	0	46.4233392454	340
1355894at2759	0	11.0598815103	138
1552706at2759	0	12.5920850561	90
1434266at2759	0	19.3532069706	134
1428265at2759	0	30.9097377555	197
887370at2759	0	59.6653014756	327
